302963	0.8363528191677745
436298	0.8811031650571391
594281	0.910935157798257
729944	0.9014990883122974
795935	0.9110318969965495
901837	0.9279480367844272
978780	0.9087619749530207
1227765	0.8958410966227887
1362414	0.9163828617023048
1446927	0.9419465047095037
1620875	0.9312090208581668
1988226	0.965581979954676
2323431	0.9535828593016694
2435405	0.9834160145410145
2497697	0.9690719421995351
2663060	0.9342974381842128
2839017	0.9213240627740282
2987177	0.9329211769357932
3032639	0.9334885789314009
3070917	0.9313780697439779
3097317	0.9202737285427061
3146014	0.9195447848716627
3175220	0.9107277102131256
3255950	0.920756630793235
3325139	0.9435398947440083
3453255	0.9367332109489339
3579386	0.9074653251151628
3872768	0.9264522117129832
3939396	0.9171882208570341
4001156	0.8813365503990421
4040302	0.916287040173145
4104222	0.9037426177187511
4161562	0.9178764727709108
4217534	0.8929323105379982
4245745	0.9088595056228991
4533150	0.879256190027996
4688575	0.8946686746403542
4835681	0.8600290755724952
4997999	0.8847962860611418
6602702	0.8641941201278809
9695817	0.6785949176747779
12129496	0.8513558108316854
12764651	0.7161807807080804
13301112	0.7943131707350018
13451455	0.7307568895031747
14028392	0.7096624693469387
14402200	0.6530731203263
14567003	0.7498860200098747
14766670	0.6961122662301222
14868258	0.6142609142355127
14979787	0.6994859174434629
15327747	0.6599611145941603
15409901	0.6122439756359245
15624648	0.7246058068041618
15744993	0.7054775077457642
15855523	0.619341921558771
15926983	0.5356049363188088
16066111	0.7001148980569745
16515206	0.6798009272585971
17546933	0.683740728447846
18877767	0.5772985779773898
19526058	0.7260071443436169
19737351	0.7225363113035563
19952128	0.7189441254142774
20221624	0.71076059547908
20748893	0.7069005300586703
21022166	0.7275195641154071
21198942	0.716168054065
21380934	0.7087534793044423
21596770	0.729087183436463
21828247	0.7645992646342346
21904494	0.7347120402599262
21993615	0.659259602896377
22124435	0.48231224850127336
22185697	0.3676771229581444
22304827	0.44537395258430357
22415728	0.45962397633310387
22496607	0.45021757928583256
22603848	0.5171319592171884
22692088	0.4677736316967496
22876779	0.44747416948059715
23084715	0.6129886498338252
23293399	0.5949827857401829
23617399	0.6284630133555678
23913764	0.6074393731916915
24312756	0.3406798185268223
24992621	0.1978275954084104
25510568	0.32987924121150536
25743423	0.48248679052244015
26038281	0.682759171784289
26424305	0.7011414562591916
26579720	0.6798195546248028
26789074	0.597219806317261
27037240	0.5026166081684494
27469676	0.6257035834560665
27932571	0.7670644056588091
28176388	0.7664790626514818
28363022	0.8084471554065266
28530932	0.7443240490753475
28835018	0.7699598386256171
29241557	0.8126432725224781
29337172	0.7887302236661234
29384947	0.7385854922337596
29470520	0.754323233739164
29547330	0.7981774218253874
29761745	0.8520191680784578
29885687	0.7654608898158627
30144491	0.7714152905740177
30255705	0.7867178466982772
30395508	0.806907729904806
30426315	0.7676379863629191
30498459	0.8403374260847126
30619517	0.8588406862227808
30672145	0.9633196175021732
30750675	0.7584627768134559
30810850	0.7380156700956984
31126941	0.8607526500500452
31451978	0.7476399546873621
31584820	0.796691019784253
31796166	0.7598641715016634
32075900	0.8461862231927053
32277365	0.818078321869701
32392046	0.8049903911884084
32599644	0.7391915887482204
33070682	0.7328307795761643
33708790	0.5475494211089399
33929407	0.6224180048097319
34198558	0.5660945547245689
34407166	0.6290924523915952
34644609	0.57407391969912
34729478	0.6592739025280818
34811080	0.748286180391505
34938723	0.5731633136184303
35027130	0.4966513667682928
35128859	0.5126359183159862
35198494	0.5265483826593819
35438282	0.6442845287723977
35783955	0.7192908020838314
36031079	0.7267383738145164
36436649	0.7386161065513258
36698021	0.722352757688972
36891537	0.7428350058842814
37908794	0.627706191271603
38063233	0.744130111190391
38155027	0.7774836543902529
38269309	0.7668835194954816
38388486	0.796595387426223
38468875	0.7874679931385065
38617466	0.7189033468204029
38761427	0.7182588866105529
38911514	0.7450070752670779
38990142	0.8198383274992729
39148620	0.7197061460815148
39389493	0.6362860580526762
39557930	0.7352210720039369
40110365	0.531339862540687
40252342	0.576905583034183
40378812	0.48769092554159266
40547678	0.6200126822811455
40615419	0.5103867208439633
40746315	0.5508776906241343
40891619	0.5493026013424115
40953287	0.7443155507679146
41004702	0.7602097559109923
41051193	0.7584680063053498
41090345	0.7657600901010505
41135416	0.7570682791655433
41190570	0.8088461880029705
41222152	0.7830009229039709
41303137	0.7559142289134806
41341413	0.7863650732116538
41374624	0.7445936194655897
41430333	0.7597403911551812
41499238	0.7541652937402062
41563376	0.7825009099061941
41976531	0.7612309423012676
42556296	0.7031659023047978
42589780	0.7044885046898015
42620890	0.6729491095373856
42650647	0.7313011805093907
42670795	0.7754721038812
42694491	0.6931217902831962
42763249	0.7259096911395169
42815180	0.734464381379262
42862521	0.6999713002450523
42907532	0.694438731422862
42991031	0.7800580482711699
43075716	0.7504391097527477
43142546	0.7604975572419143
43226688	0.7348857851239895
43743356	0.7414069553969448
44142805	0.7377910376409063
44237921	0.7630390611247848
44337786	0.6869825116484762
44403841	0.6933577582121451
44458782	0.6590101514926734
44520736	0.7191933000528621
44546353	0.6406829804628547
44588786	0.6233016821483617
44737671	0.6893460948233495
44808606	0.6202891747760884
44846180	0.6939789146502457
44921296	0.6726969623383968
44972590	0.724686202241172
45045031	0.6729774171916643
45098174	0.6333682872805749
45171483	0.6520371366423464
45235061	0.6187978195354276
45297160	0.6229691957662928
45454142	0.671895677635692
45564747	0.7128437620070163
45644454	0.6906743740463261
45712429	0.6907183500212694
45869715	0.6705448504022923
45970083	0.6874557283391047
46237289	0.5868571785661776
46569075	0.6279414416596397
47013966	0.5200576020888075
47247668	0.632304959344542
47428884	0.9231763655673662
47538895	0.6315585068446812
47672204	0.6364558546122607
47875120	0.5858035036913206
49098696	0.5717095467909347
49431775	0.6349522594112201
49560260	0.6226059532465908
49744691	0.5131372298258071
